0.000000 0.000000 0.000000
0.040816 0.000000 0.000000
0.081633 0.000000 0.000000
0.122449 0.000000 0.000000
0.163265 0.000000 0.000000
0.204082 0.000000 0.000000
0.244898 0.000000 0.000000
0.285714 0.000000 0.000000
0.326531 0.000000 0.000000
0.367347 0.000000 0.000000
0.408163 0.000000 0.000000
0.448980 0.000000 0.000000
0.489796 0.000000 0.000000
0.530612 0.000000 0.000000
0.571429 0.000000 0.000000
0.612245 0.000000 0.000000
0.653061 0.000000 0.000000
0.693878 0.000000 0.000000
0.734694 0.000000 0.000000
0.775510 0.000000 0.000000
0.816327 0.000000 0.000000
0.857143 0.000000 0.000000
0.897959 0.000000 0.000000
0.938776 0.000000 0.000000
0.979592 0.000000 0.000000
1.020408 0.000000 0.000000
1.061224 0.000000 0.000000
1.102041 0.000000 0.000000
1.142857 0.000000 0.000000
1.183673 0.000000 0.000000
1.224490 0.000000 0.000000
1.265306 0.000000 0.000000
1.306122 0.000000 0.000000
1.346939 0.000000 0.000000
1.387755 0.000000 0.000000
1.428571 0.000000 0.000000
1.469388 0.000000 0.000000
1.510204 0.000000 0.000000
1.551020 0.000000 0.000000
1.591837 0.000000 0.000000
1.632653 0.000000 0.000000
1.673469 0.000000 0.000000
1.714286 0.000000 0.000000
1.755102 0.000000 0.000000
1.795918 0.000000 0.000000
1.836735 0.000000 0.000000
1.877551 0.000000 0.000000
1.918367 0.000000 0.000000
1.959184 0.000000 0.000000
2.000000 0.000000 0.000000
2.000000 0.000000 0.001966
2.035387 0.000070 0.005898
2.070774 0.000278 0.009830
2.106159 0.000626 0.013762
2.141543 0.001113 0.017694
2.176924 0.001739 0.021625
2.212303 0.002504 0.025557
2.247679 0.003409 0.029489
2.283051 0.004452 0.033421
2.318418 0.005635 0.037353
2.353780 0.006956 0.041285
2.389137 0.008417 0.045217
2.424488 0.010016 0.049149
2.459833 0.011755 0.053081
2.495170 0.013632 0.057013
2.530500 0.015649 0.060945
2.565821 0.017804 0.064876
2.601134 0.020098 0.068808
2.636437 0.022531 0.072740
2.671731 0.025103 0.076672
2.707014 0.027813 0.080604
2.742286 0.030663 0.084536
2.777547 0.033651 0.088468
2.812796 0.036777 0.092400
2.848032 0.040042 0.096332
2.883255 0.043446 0.100264
2.918464 0.046988 0.104196
2.953659 0.050669 0.108127
2.988840 0.054487 0.112059
3.024005 0.058445 0.115991
3.059154 0.062540 0.119923
3.094287 0.066774 0.123855
3.129403 0.071145 0.127787
3.164502 0.075655 0.131719
3.199583 0.080303 0.135651
3.234645 0.085088 0.139583
3.269688 0.090012 0.143515
3.304711 0.095073 0.147446
3.339714 0.100272 0.151378
3.374697 0.105608 0.155310
3.409658 0.111082 0.159242
3.444597 0.116693 0.163174
3.479514 0.122442 0.167106
3.514408 0.128328 0.171038
3.549279 0.134351 0.174970
3.584126 0.140511 0.178902
3.618948 0.146808 0.182834
3.653746 0.153242 0.186766
3.688517 0.159813 0.190697
3.723263 0.166520 0.194629
3.757982 0.173364 0.198561
3.792674 0.180345 0.202493
3.827338 0.187461 0.206425
3.861974 0.194714 0.210357
3.896581 0.202104 0.214289
3.931159 0.209629 0.218221
3.965707 0.217290 0.222153
4.000224 0.225087 0.226085
4.034711 0.233019 0.230016
4.069166 0.241087 0.233948
4.103589 0.249291 0.237880
4.137980 0.257629 0.241812
4.172337 0.266103 0.245744
4.206661 0.274712 0.249676
4.240951 0.283456 0.253608
4.275206 0.292335 0.257540
4.309426 0.301348 0.261472
4.343611 0.310495 0.265404
4.377759 0.319777 0.269336
4.411870 0.329194 0.273267
4.445944 0.338744 0.277199
4.479980 0.348428 0.281131
4.513978 0.358246 0.285063
4.547937 0.368197 0.288995
4.581857 0.378282 0.292927
4.615737 0.388501 0.296859
4.649576 0.398852 0.300791
4.683374 0.409336 0.304723
4.717131 0.419953 0.308655
4.750846 0.430703 0.312587
4.784518 0.441586 0.316518
4.818148 0.452600 0.320450
4.851733 0.463747 0.324382
4.885275 0.475026 0.328314
4.918772 0.486436 0.332246
4.952224 0.497978 0.336178
4.985630 0.509652 0.340110
5.018990 0.521457 0.344042
5.052303 0.533392 0.347974
5.085570 0.545459 0.351906
5.118788 0.557657 0.355837
5.151959 0.569985 0.359769
5.185080 0.582443 0.363701
5.218152 0.595032 0.367633
5.251175 0.607750 0.371565
5.284147 0.620598 0.375497
5.317069 0.633576 0.379429
5.349939 0.646683 0.383361
5.382758 0.659919 0.387293
5.415524 0.673284 0.391225
5.448237 0.686778 0.395157
5.480897 0.700400 0.399088
5.513503 0.714151 0.403020
5.546055 0.728030 0.406952
5.578553 0.742036 0.410884
5.610994 0.756171 0.414816
5.643380 0.770433 0.418748
5.675710 0.784822 0.422680
5.707983 0.799338 0.426612
5.740198 0.813980 0.430544
5.772356 0.828750 0.434476
5.804455 0.843645 0.438407
5.836496 0.858667 0.442339
5.868477 0.873815 0.446271
5.900398 0.889088 0.450203
5.932259 0.904487 0.454135
5.964060 0.920011 0.458067
5.995799 0.935659 0.461999
6.027476 0.951433 0.465931
6.059091 0.967330 0.469863
6.090643 0.983352 0.473795
6.122132 0.999498 0.477727
6.153558 1.015768 0.481658
6.184919 1.032161 0.485590
6.216215 1.048677 0.489522
6.247446 1.065317 0.493454
6.278612 1.082078 0.497386
6.309711 1.098963 0.501318
6.340744 1.115969 0.505250
6.371709 1.133097 0.509182
6.402607 1.150347 0.513114
6.433437 1.167719 0.517046
6.464199 1.185211 0.520978
6.494891 1.202824 0.524909
6.525514 1.220558 0.528841
6.556067 1.238412 0.532773
6.586550 1.256386 0.536705
6.616961 1.274479 0.540637
6.647302 1.292693 0.544569
6.677570 1.311025 0.548501
6.707766 1.329476 0.552433
6.737889 1.348046 0.556365
6.767940 1.366734 0.560297
6.797916 1.385540 0.564228
6.827818 1.404464 0.568160
6.857646 1.423505 0.572092
6.887398 1.442663 0.576024
6.917075 1.461938 0.579956
6.946676 1.481330 0.583888
6.976200 1.500838 0.587820
7.005648 1.520462 0.591752
7.035018 1.540201 0.595684
7.064310 1.560056 0.599616
7.093524 1.580026 0.603548
7.122659 1.600111 0.607479
7.151715 1.620309 0.611411
7.180691 1.640623 0.615343
7.209588 1.661049 0.619275
7.238403 1.681590 0.623207
7.267138 1.702243 0.627139
7.295791 1.723009 0.631071
7.324363 1.743888 0.635003
7.352852 1.764879 0.638935
7.381258 1.785982 0.642867
7.409581 1.807196 0.646798
7.437821 1.828522 0.650730
7.465976 1.849958 0.654662
7.494047 1.871505 0.658594
7.522033 1.893162 0.662526
7.549934 1.914929 0.666458
7.577749 1.936806 0.670390
7.605478 1.958791 0.674322
7.633120 1.980886 0.678254
7.660674 2.003089 0.682186
7.688142 2.025400 0.686118
7.715521 2.047819 0.690049
7.742812 2.070346 0.693981
7.770015 2.092980 0.697913
7.797128 2.115720 0.701845
7.824151 2.138567 0.705777
7.851085 2.161520 0.709709
7.877928 2.184579 0.713641
7.904680 2.207743 0.717573
7.931340 2.231012 0.721505
7.957910 2.254386 0.725437
7.984387 2.277864 0.729369
8.010771 2.301446 0.733300
8.037063 2.325131 0.737232
8.063261 2.348920 0.741164
8.089365 2.372811 0.745096
8.115376 2.396805 0.749028
8.141291 2.420901 0.752960
8.167112 2.445099 0.756892
8.192838 2.469398 0.760824
8.218468 2.493798 0.764756
8.244001 2.518299 0.768688
8.269438 2.542900 0.772619
8.294778 2.567600 0.776551
8.320021 2.592401 0.780483
8.345167 2.617300 0.784415
8.370214 2.642298 0.788347
8.395162 2.667394 0.792279
8.420012 2.692588 0.796211
8.444762 2.717879 0.800143
8.469413 2.743268 0.804075
8.493964 2.768754 0.808007
8.518414 2.794335 0.811939
8.542764 2.820013 0.815870
8.567013 2.845786 0.819802
8.591159 2.871655 0.823734
8.615205 2.897618 0.827666
8.639147 2.923675 0.831598
8.662987 2.949827 0.835530
8.686725 2.976072 0.839462
8.710358 3.002410 0.843394
8.733888 3.028840 0.847326
8.757314 3.055364 0.851258
8.780636 3.081979 0.855189
8.803852 3.108685 0.859121
8.826964 3.135483 0.863053
8.849970 3.162371 0.866985
8.872870 3.189349 0.870917
8.895664 3.216418 0.874849
8.918351 3.243575 0.878781
8.940931 3.270822 0.882713
8.963404 3.298157 0.886645
8.985769 3.325581 0.890577
9.008026 3.353092 0.894509
9.030175 3.380691 0.898440
9.052215 3.408376 0.902372
9.074146 3.436148 0.906304
9.095968 3.464005 0.910236
9.117680 3.491949 0.914168
9.139282 3.519977 0.918100
9.160774 3.548091 0.922032
9.182155 3.576288 0.925964
9.203425 3.604570 0.929896
9.224584 3.632935 0.933828
9.245630 3.661382 0.937760
9.266565 3.689913 0.941691
9.287388 3.718525 0.945623
9.308098 3.747219 0.949555
9.328695 3.775994 0.953487
9.349178 3.804850 0.957419
9.369548 3.833787 0.961351
9.389804 3.862803 0.965283
9.409946 3.891899 0.969215
9.429973 3.921073 0.973147
9.449886 3.950326 0.977079
9.469683 3.979658 0.981010
9.489365 4.009066 0.984942
9.508931 4.038552 0.988874
9.528380 4.068115 0.992806
9.547714 4.097754 0.996738
9.566931 4.127469 1.000670
9.586030 4.157259 1.004602
9.605013 4.187124 1.008534
9.623878 4.217063 1.012466
9.642625 4.247076 1.016398
9.661254 4.277163 1.020330
9.679764 4.307323 1.024261
9.698156 4.337555 1.028193
9.716429 4.367860 1.032125
9.734582 4.398236 1.036057
9.752616 4.428683 1.039989
9.770530 4.459200 1.043921
9.788324 4.489788 1.047853
9.805998 4.520446 1.051785
9.823550 4.551173 1.055717
9.840982 4.581969 1.059649
9.858293 4.612833 1.063580
9.875482 4.643765 1.067512
9.892549 4.674764 1.071444
9.909495 4.705830 1.075376
9.926318 4.736963 1.079308
9.943018 4.768161 1.083240
9.959596 4.799425 1.087172
9.976051 4.830754 1.091104
9.992382 4.862147 1.095036
10.008590 4.893604 1.098968
10.024674 4.925125 1.102900
10.040634 4.956709 1.106831
10.056470 4.988355 1.110763
10.072181 5.020063 1.114695
10.087767 5.051833 1.118627
10.103228 5.083664 1.122559
10.118564 5.115555 1.126491
10.133775 5.147506 1.130423
10.148859 5.179517 1.134355
10.163818 5.211587 1.138287
10.178651 5.243716 1.142219
10.193357 5.275902 1.146151
10.207936 5.308147 1.150082
10.222389 5.340448 1.154014
10.236714 5.372806 1.157946
10.250912 5.405220 1.161878
10.264983 5.437689 1.165810
10.278926 5.470214 1.169742
10.292740 5.502793 1.173674
10.306427 5.535426 1.177606
10.319985 5.568113 1.181538
10.333415 5.600853 1.185470
10.346715 5.633645 1.189401
10.359887 5.666490 1.193333
10.372929 5.699386 1.197265
10.385842 5.732333 1.201197
10.398625 5.765330 1.205129
10.411279 5.798378 1.209061
10.423802 5.831475 1.212993
10.436196 5.864621 1.216925
10.448458 5.897815 1.220857
10.460591 5.931058 1.224789
10.472592 5.964347 1.228721
10.484462 5.997684 1.232652
10.496201 6.031067 1.236584
10.507809 6.064497 1.240516
10.519286 6.097971 1.244448
10.530630 6.131490 1.248380
10.541843 6.165054 1.252312
10.552924 6.198662 1.256244
10.563872 6.232313 1.260176
10.574688 6.266006 1.264108
10.585372 6.299742 1.268040
10.595922 6.333520 1.271971
10.606340 6.367339 1.275903
10.616625 6.401198 1.279835
10.626777 6.435098 1.283767
10.636795 6.469037 1.287699
10.646680 6.503016 1.291631
10.656431 6.537033 1.295563
10.666048 6.571088 1.299495
10.675531 6.605181 1.303427
10.684880 6.639311 1.307359
10.694095 6.673477 1.311291
10.703176 6.707679 1.315222
10.712122 6.741917 1.319154
10.720933 6.776190 1.323086
10.729609 6.810497 1.327018
10.738151 6.844838 1.330950
10.746557 6.879212 1.334882
10.754828 6.913619 1.338814
10.762964 6.948058 1.342746
10.770964 6.982529 1.346678
10.778829 7.017031 1.350610
10.786558 7.051564 1.354542
10.794151 7.086127 1.358473
10.801608 7.120719 1.362405
10.808929 7.155341 1.366337
10.816114 7.189991 1.370269
10.823163 7.224669 1.374201
10.830075 7.259374 1.378133
10.836851 7.294106 1.382065
10.843490 7.328865 1.385997
10.849992 7.363650 1.389929
10.856358 7.398460 1.393861
10.862586 7.433294 1.397792
10.868678 7.468153 1.401724
10.874632 7.503036 1.405656
10.880450 7.537942 1.409588
10.886130 7.572870 1.413520
10.891672 7.607820 1.417452
10.897077 7.642792 1.421384
10.902345 7.677785 1.425316
10.907475 7.712798 1.429248
10.912467 7.747831 1.433180
10.917322 7.782884 1.437112
10.922038 7.817955 1.441043
10.926617 7.853045 1.444975
10.931058 7.888152 1.448907
10.935361 7.923277 1.452839
10.939525 7.958418 1.456771
10.943551 7.993576 1.460703
10.947439 8.028748 1.464635
10.951189 8.063936 1.468567
10.954800 8.099139 1.472499
10.958273 8.134355 1.476431
10.961608 8.169585 1.480362
10.964803 8.204827 1.484294
10.967861 8.240082 1.488226
10.970779 8.275349 1.492158
10.973559 8.310626 1.496090
10.976200 8.345915 1.500022
10.978703 8.381213 1.503954
10.981066 8.416522 1.507886
10.983291 8.451839 1.511818
10.985377 8.487164 1.515750
10.987324 8.522498 1.519682
10.989132 8.557839 1.523613
10.990801 8.593186 1.527545
10.992331 8.628540 1.531477
10.993722 8.663900 1.535409
10.994974 8.699265 1.539341
10.996087 8.734635 1.543273
10.997061 8.770009 1.547205
10.997896 8.805386 1.551137
10.998591 8.840766 1.555069
10.999148 8.876149 1.559001
10.999565 8.911534 1.562933
10.999843 8.946920 1.566864
10.999983 8.982306 1.570796
10.999983 9.017694 1.574728
10.999843 9.053080 1.578660
10.999565 9.088466 1.582592
10.999148 9.123851 1.586524
10.998591 9.159234 1.590456
10.997896 9.194614 1.594388
10.997061 9.229991 1.598320
10.996087 9.265365 1.602252
10.994974 9.300735 1.606183
10.993722 9.336100 1.610115
10.992331 9.371460 1.614047
10.990801 9.406814 1.617979
10.989132 9.442161 1.621911
10.987324 9.477502 1.625843
10.985377 9.512836 1.629775
10.983291 9.548161 1.633707
10.981066 9.583478 1.637639
10.978703 9.618787 1.641571
10.976200 9.654085 1.645503
10.973559 9.689374 1.649434
10.970779 9.724651 1.653366
10.967861 9.759918 1.657298
10.964803 9.795173 1.661230
10.961608 9.830415 1.665162
10.958273 9.865645 1.669094
10.954800 9.900861 1.673026
10.951189 9.936064 1.676958
10.947439 9.971252 1.680890
10.943551 10.006424 1.684822
10.939525 10.041582 1.688753
10.935361 10.076723 1.692685
10.931058 10.111848 1.696617
10.926617 10.146955 1.700549
10.922038 10.182045 1.704481
10.917322 10.217116 1.708413
10.912467 10.252169 1.712345
10.907475 10.287202 1.716277
10.902345 10.322215 1.720209
10.897077 10.357208 1.724141
10.891672 10.392180 1.728073
10.886130 10.427130 1.732004
10.880450 10.462058 1.735936
10.874632 10.496964 1.739868
10.868678 10.531847 1.743800
10.862586 10.566706 1.747732
10.856358 10.601540 1.751664
10.849992 10.636350 1.755596
10.843490 10.671135 1.759528
10.836851 10.705894 1.763460
10.830075 10.740626 1.767392
10.823163 10.775331 1.771324
10.816114 10.810009 1.775255
10.808929 10.844659 1.779187
10.801608 10.879281 1.783119
10.794151 10.913873 1.787051
10.786558 10.948436 1.790983
10.778829 10.982969 1.794915
10.770964 11.017471 1.798847
10.762964 11.051942 1.802779
10.754828 11.086381 1.806711
10.746557 11.120788 1.810643
10.738151 11.155162 1.814574
10.729609 11.189503 1.818506
10.720933 11.223810 1.822438
10.712122 11.258083 1.826370
10.703176 11.292321 1.830302
10.694095 11.326523 1.834234
10.684880 11.360689 1.838166
10.675531 11.394819 1.842098
10.666048 11.428912 1.846030
10.656431 11.462967 1.849962
10.646680 11.496984 1.853894
10.636795 11.530963 1.857825
10.626777 11.564902 1.861757
10.616625 11.598802 1.865689
10.606340 11.632661 1.869621
10.595922 11.666480 1.873553
10.585372 11.700258 1.877485
10.574688 11.733994 1.881417
10.563872 11.767687 1.885349
10.552924 11.801338 1.889281
10.541843 11.834946 1.893213
10.530630 11.868510 1.897144
10.519286 11.902029 1.901076
10.507809 11.935503 1.905008
10.496201 11.968933 1.908940
10.484462 12.002316 1.912872
10.472592 12.035653 1.916804
10.460591 12.068942 1.920736
10.448458 12.102185 1.924668
10.436196 12.135379 1.928600
10.423802 12.168525 1.932532
10.411279 12.201622 1.936464
10.398625 12.234670 1.940395
10.385842 12.267667 1.944327
10.372929 12.300614 1.948259
10.359887 12.333510 1.952191
10.346715 12.366355 1.956123
10.333415 12.399147 1.960055
10.319985 12.431887 1.963987
10.306427 12.464574 1.967919
10.292740 12.497207 1.971851
10.278926 12.529786 1.975783
10.264983 12.562311 1.979715
10.250912 12.594780 1.983646
10.236714 12.627194 1.987578
10.222389 12.659552 1.991510
10.207936 12.691853 1.995442
10.193357 12.724098 1.999374
10.178651 12.756284 2.003306
10.163818 12.788413 2.007238
10.148859 12.820483 2.011170
10.133775 12.852494 2.015102
10.118564 12.884445 2.019034
10.103228 12.916336 2.022965
10.087767 12.948167 2.026897
10.072181 12.979937 2.030829
10.056470 13.011645 2.034761
10.040634 13.043291 2.038693
10.024674 13.074875 2.042625
10.008590 13.106396 2.046557
9.992382 13.137853 2.050489
9.976051 13.169246 2.054421
9.959596 13.200575 2.058353
9.943018 13.231839 2.062285
9.926318 13.263037 2.066216
9.909495 13.294170 2.070148
9.892549 13.325236 2.074080
9.875482 13.356235 2.078012
9.858293 13.387167 2.081944
9.840982 13.418031 2.085876
9.823550 13.448827 2.089808
9.805998 13.479554 2.093740
9.788324 13.510212 2.097672
9.770530 13.540800 2.101604
9.752616 13.571317 2.105536
9.734582 13.601764 2.109467
9.716429 13.632140 2.113399
9.698156 13.662445 2.117331
9.679764 13.692677 2.121263
9.661254 13.722837 2.125195
9.642625 13.752924 2.129127
9.623878 13.782937 2.133059
9.605013 13.812876 2.136991
9.586030 13.842741 2.140923
9.566931 13.872531 2.144855
9.547714 13.902246 2.148786
9.528380 13.931885 2.152718
9.508931 13.961448 2.156650
9.489365 13.990934 2.160582
9.469683 14.020342 2.164514
9.449886 14.049674 2.168446
9.429973 14.078927 2.172378
9.409946 14.108101 2.176310
9.389804 14.137197 2.180242
9.369548 14.166213 2.184174
9.349178 14.195150 2.188106
9.328695 14.224006 2.192037
9.308098 14.252781 2.195969
9.287388 14.281475 2.199901
9.266565 14.310087 2.203833
9.245630 14.338618 2.207765
9.224584 14.367065 2.211697
9.203425 14.395430 2.215629
9.182155 14.423712 2.219561
9.160774 14.451909 2.223493
9.139282 14.480023 2.227425
9.117680 14.508051 2.231356
9.095968 14.535995 2.235288
9.074146 14.563852 2.239220
9.052215 14.591624 2.243152
9.030175 14.619309 2.247084
9.008026 14.646908 2.251016
8.985769 14.674419 2.254948
8.963404 14.701843 2.258880
8.940931 14.729178 2.262812
8.918351 14.756425 2.266744
8.895664 14.783582 2.270676
8.872870 14.810651 2.274607
8.849970 14.837629 2.278539
8.826964 14.864517 2.282471
8.803852 14.891315 2.286403
8.780636 14.918021 2.290335
8.757314 14.944636 2.294267
8.733888 14.971160 2.298199
8.710358 14.997590 2.302131
8.686725 15.023928 2.306063
8.662987 15.050173 2.309995
8.639147 15.076325 2.313927
8.615205 15.102382 2.317858
8.591159 15.128345 2.321790
8.567013 15.154214 2.325722
8.542764 15.179987 2.329654
8.518414 15.205665 2.333586
8.493964 15.231246 2.337518
8.469413 15.256732 2.341450
8.444762 15.282121 2.345382
8.420012 15.307412 2.349314
8.395162 15.332606 2.353246
8.370214 15.357702 2.357177
8.345167 15.382700 2.361109
8.320021 15.407599 2.365041
8.294778 15.432400 2.368973
8.269438 15.457100 2.372905
8.244001 15.481701 2.376837
8.218468 15.506202 2.380769
8.192838 15.530602 2.384701
8.167112 15.554901 2.388633
8.141291 15.579099 2.392565
8.115376 15.603195 2.396497
8.089365 15.627189 2.400428
8.063261 15.651080 2.404360
8.037063 15.674869 2.408292
8.010771 15.698554 2.412224
7.984387 15.722136 2.416156
7.957910 15.745614 2.420088
7.931340 15.768988 2.424020
7.904680 15.792257 2.427952
7.877928 15.815421 2.431884
7.851085 15.838480 2.435816
7.824151 15.861433 2.439747
7.797128 15.884280 2.443679
7.770015 15.907020 2.447611
7.742812 15.929654 2.451543
7.715521 15.952181 2.455475
7.688142 15.974600 2.459407
7.660674 15.996911 2.463339
7.633120 16.019114 2.467271
7.605478 16.041209 2.471203
7.577749 16.063194 2.475135
7.549934 16.085071 2.479067
7.522033 16.106838 2.482998
7.494047 16.128495 2.486930
7.465976 16.150042 2.490862
7.437821 16.171478 2.494794
7.409581 16.192804 2.498726
7.381258 16.214018 2.502658
7.352852 16.235121 2.506590
7.324363 16.256112 2.510522
7.295791 16.276991 2.514454
7.267138 16.297757 2.518386
7.238403 16.318410 2.522318
7.209588 16.338951 2.526249
7.180691 16.359377 2.530181
7.151715 16.379691 2.534113
7.122659 16.399889 2.538045
7.093524 16.419974 2.541977
7.064310 16.439944 2.545909
7.035018 16.459799 2.549841
7.005648 16.479538 2.553773
6.976200 16.499162 2.557705
6.946676 16.518670 2.561637
6.917075 16.538062 2.565568
6.887398 16.557337 2.569500
6.857646 16.576495 2.573432
6.827818 16.595536 2.577364
6.797916 16.614460 2.581296
6.767940 16.633266 2.585228
6.737889 16.651954 2.589160
6.707766 16.670524 2.593092
6.677570 16.688975 2.597024
6.647302 16.707307 2.600956
6.616961 16.725521 2.604888
6.586550 16.743614 2.608819
6.556067 16.761588 2.612751
6.525514 16.779442 2.616683
6.494891 16.797176 2.620615
6.464199 16.814789 2.624547
6.433437 16.832281 2.628479
6.402607 16.849653 2.632411
6.371709 16.866903 2.636343
6.340744 16.884031 2.640275
6.309711 16.901037 2.644207
6.278612 16.917922 2.648138
6.247446 16.934683 2.652070
6.216215 16.951323 2.656002
6.184919 16.967839 2.659934
6.153558 16.984232 2.663866
6.122132 17.000502 2.667798
6.090643 17.016648 2.671730
6.059091 17.032670 2.675662
6.027476 17.048567 2.679594
5.995799 17.064341 2.683526
5.964060 17.079989 2.687458
5.932259 17.095513 2.691389
5.900398 17.110912 2.695321
5.868477 17.126185 2.699253
5.836496 17.141333 2.703185
5.804455 17.156355 2.707117
5.772356 17.171250 2.711049
5.740198 17.186020 2.714981
5.707983 17.200662 2.718913
5.675710 17.215178 2.722845
5.643380 17.229567 2.726777
5.610994 17.243829 2.730709
5.578553 17.257964 2.734640
5.546055 17.271970 2.738572
5.513503 17.285849 2.742504
5.480897 17.299600 2.746436
5.448237 17.313222 2.750368
5.415524 17.326716 2.754300
5.382758 17.340081 2.758232
5.349939 17.353317 2.762164
5.317069 17.366424 2.766096
5.284147 17.379402 2.770028
5.251175 17.392250 2.773959
5.218152 17.404968 2.777891
5.185080 17.417557 2.781823
5.151959 17.430015 2.785755
5.118788 17.442343 2.789687
5.085570 17.454541 2.793619
5.052303 17.466608 2.797551
5.018990 17.478543 2.801483
4.985630 17.490348 2.805415
4.952224 17.502022 2.809347
4.918772 17.513564 2.813279
4.885275 17.524974 2.817210
4.851733 17.536253 2.821142
4.818148 17.547400 2.825074
4.784518 17.558414 2.829006
4.750846 17.569297 2.832938
4.717131 17.580047 2.836870
4.683374 17.590664 2.840802
4.649576 17.601148 2.844734
4.615737 17.611499 2.848666
4.581857 17.621718 2.852598
4.547937 17.631803 2.856529
4.513978 17.641754 2.860461
4.479980 17.651572 2.864393
4.445944 17.661256 2.868325
4.411870 17.670806 2.872257
4.377759 17.680223 2.876189
4.343611 17.689505 2.880121
4.309426 17.698652 2.884053
4.275206 17.707665 2.887985
4.240951 17.716544 2.891917
4.206661 17.725288 2.895849
4.172337 17.733897 2.899780
4.137980 17.742371 2.903712
4.103589 17.750709 2.907644
4.069166 17.758913 2.911576
4.034711 17.766981 2.915508
4.000224 17.774913 2.919440
3.965707 17.782710 2.923372
3.931159 17.790371 2.927304
3.896581 17.797896 2.931236
3.861974 17.805286 2.935168
3.827338 17.812539 2.939100
3.792674 17.819655 2.943031
3.757982 17.826636 2.946963
3.723263 17.833480 2.950895
3.688517 17.840187 2.954827
3.653746 17.846758 2.958759
3.618948 17.853192 2.962691
3.584126 17.859489 2.966623
3.549279 17.865649 2.970555
3.514408 17.871672 2.974487
3.479514 17.877558 2.978419
3.444597 17.883307 2.982350
3.409658 17.888918 2.986282
3.374697 17.894392 2.990214
3.339714 17.899728 2.994146
3.304711 17.904927 2.998078
3.269688 17.909988 3.002010
3.234645 17.914912 3.005942
3.199583 17.919697 3.009874
3.164502 17.924345 3.013806
3.129403 17.928855 3.017738
3.094287 17.933226 3.021670
3.059154 17.937460 3.025601
3.024005 17.941555 3.029533
2.988840 17.945513 3.033465
2.953659 17.949331 3.037397
2.918464 17.953012 3.041329
2.883255 17.956554 3.045261
2.848032 17.959958 3.049193
2.812796 17.963223 3.053125
2.777547 17.966349 3.057057
2.742286 17.969337 3.060989
2.707014 17.972187 3.064920
2.671731 17.974897 3.068852
2.636437 17.977469 3.072784
2.601134 17.979902 3.076716
2.565821 17.982196 3.080648
2.530500 17.984351 3.084580
2.495170 17.986368 3.088512
2.459833 17.988245 3.092444
2.424488 17.989984 3.096376
2.389137 17.991583 3.100308
2.353780 17.993044 3.104240
2.318418 17.994365 3.108171
2.283051 17.995548 3.112103
2.247679 17.996591 3.116035
2.212303 17.997496 3.119967
2.176924 17.998261 3.123899
2.141543 17.998887 3.127831
2.106159 17.999374 3.131763
2.070774 17.999722 3.135695
2.035387 17.999930 3.139627
2.000000 18.000000 0.000000
2.000000 18.000000 3.141593
1.959184 18.000000 3.141593
1.918367 18.000000 3.141593
1.877551 18.000000 3.141593
1.836735 18.000000 3.141593
1.795918 18.000000 3.141593
1.755102 18.000000 3.141593
1.714286 18.000000 3.141593
1.673469 18.000000 3.141593
1.632653 18.000000 3.141593
1.591837 18.000000 3.141593
1.551020 18.000000 3.141593
1.510204 18.000000 3.141593
1.469388 18.000000 3.141593
1.428571 18.000000 3.141593
1.387755 18.000000 3.141593
1.346939 18.000000 3.141593
1.306122 18.000000 3.141593
1.265306 18.000000 3.141593
1.224490 18.000000 3.141593
1.183673 18.000000 3.141593
1.142857 18.000000 3.141593
1.102041 18.000000 3.141593
1.061224 18.000000 3.141593
1.020408 18.000000 3.141593
0.979592 18.000000 3.141593
0.938776 18.000000 3.141593
0.897959 18.000000 3.141593
0.857143 18.000000 3.141593
0.816327 18.000000 3.141593
0.775510 18.000000 3.141593
0.734694 18.000000 3.141593
0.693878 18.000000 3.141593
0.653061 18.000000 3.141593
0.612245 18.000000 3.141593
0.571429 18.000000 3.141593
0.530612 18.000000 3.141593
0.489796 18.000000 3.141593
0.448980 18.000000 3.141593
0.408163 18.000000 3.141593
0.367347 18.000000 3.141593
0.326531 18.000000 3.141593
0.285714 18.000000 3.141593
0.244898 18.000000 3.141593
0.204082 18.000000 3.141593
0.163265 18.000000 3.141593
0.122449 18.000000 3.141593
0.081633 18.000000 3.141593
0.040816 18.000000 3.141593
0.000000 18.000000 3.141593
